8.528947395131719275e-03
8.229440165950780983e-01
7.700000672677153046e-01
5.398551374901841005e-01
8.247457021223892903e-01
9.515562461778990233e-01
6.262862356231273520e-01
1.932057921442149884e-02
7.196706596280701973e-01
5.728456382224169641e-01
8.196827051844879364e-01
8.143079528192314065e-01
1.672253200831423370e-01
6.097179216082011521e-01
1.031053686441249617e+00
8.134699994958418667e-01
7.525173350584052345e-01
6.224388843586160514e-01
1.195761796717206504e+00
7.229241482577133393e-01
5.283712642032178941e-01
1.385697334421591931e+00
6.089985953739384117e-01
1.027208343239549793e+00
7.265738589112746837e-01
1.763845960207238994e-01
5.479027559068944120e-01
5.345070684780021120e-01
7.127158585793663681e-01
7.226603465645256019e-01
8.097534365186843663e-01
6.251704127646616760e-01
5.484560281389996295e-01
9.861024083762666426e-02
5.770943822633682885e-01
-3.739947007231668799e-03
6.074869989105292634e-01
1.203220033220803842e+00
5.751326280507748079e-01
6.717404792451263651e-01
6.750338995057302283e-01
8.388559986855557149e-01
6.089984848953066132e-01
1.044425294440139540e+00
-6.196996392656270100e-03
6.398414802489155173e-01
1.762738736182890564e-01
5.420372168008984470e-01
1.384973478426071658e+00
5.775428059385652180e-01
4.797306427055240796e+00
5.388649215800525027e+00
4.543976836614425530e+00
4.799249237339243912e+00
4.962814864996166975e+00
5.129947380348860442e+00
5.129422363825469233e+00
4.308903958866770800e+00
5.426975936916031529e+00
4.626024957788053449e+00
5.135686719924608568e+00
5.196557401183631519e+00
4.756448326391732095e+00
5.184320687740573419e+00
4.785120592298111930e+00
4.737771695738286937e+00
5.132580416331521178e+00
5.152847424514781949e+00
4.753769436912151924e+00
4.917555320365773142e+00
3.967407148028211594e+00
4.760840740751702604e+00
4.309689284204295312e+00
5.169692814638803924e+00
4.762245214034946272e+00
4.769424719750579911e+00
4.237376884912748665e+00
4.264865795766821677e+00
4.569326459813741970e+00
4.355763837836176045e+00
4.973938416396333828e+00
4.736408155970776690e+00
4.356830084575035400e+00
4.893892664585310470e+00
4.369915157370963144e+00
4.369920049004861973e+00
4.256834891715955749e+00
5.145134445700936254e+00
4.746583417774981939e+00
4.748557100346931570e+00
4.747991887781627618e+00
5.074747567081648647e+00
4.730833903142408481e+00
4.969620081221164831e+00
4.774665503544675893e+00
4.252819370051969194e+00
5.170372178401338559e+00
4.960072447786205707e+00
5.133844283288571120e+00
4.750669730417510728e+00
-2.312918054547319358e-01
-6.277492200032495084e-01
-1.181807254675182328e+00
-6.293737612679737303e-01
-9.549168091378801293e-01
-1.178758154478461329e+00
-1.128450907625312194e+00
-1.127058637179770173e+00
-1.128863920766239648e+00
-1.904170275093328257e+00
-8.921105753063396371e-01
-6.305338158923312619e-01
-1.012845150134704220e+00
-1.831454391329765397e+00
-1.199507071356962662e+00
-1.189980767843877185e+00
-1.392896814659961180e+00
-3.314554791501564956e-01
-1.394508153413281715e+00
-6.297171722472025834e-01
-9.059632110589159737e-01
-1.835802116477187163e+00
-1.163548045671418230e+00
-1.218945455827582514e+00
-1.196600791175181921e+00
-5.359344242534329616e-01
-1.770122450394387315e+00
-1.022659428530556802e+00
-5.649379484073175917e-01
-5.971862853087706036e-01
-1.041995877750996335e+00
-1.477170099533535286e+00
-5.908009563733260805e-01
-5.328903565656695207e-01
-7.216415483132103681e-01
-1.899293514609805555e+00
-8.742517853082549806e-01
-1.227780547827952873e+00
-8.995721464885546581e-01
-1.746095247520484950e+00
-1.170744822305170629e+00
-1.182495201106943838e+00
-1.199300487006902394e+00
-9.550782919265121684e-01
-9.553946611848784798e-01
-1.938547592886154192e+00
-7.461821241734298837e-01
-1.190801194499851778e+00
-1.514466287485742413e+00
-1.042181248421598649e+00
4.192238547075696431e+00
4.132205103010853975e+00
3.201676037365584371e+00
4.437915122242882759e+00
3.943967882826928673e+00
4.983719353856539414e+00
3.209795792104600309e+00
3.936783633614837186e+00
4.252566927068285096e+00
4.191453338375348281e+00
3.921651567281103201e+00
3.196053211271343120e+00
3.306665204852266893e+00
3.040010311571103241e+00
4.130859039773643104e+00
4.444349296476090672e+00
4.473917164720656814e+00
4.469716064926637422e+00
3.921893789756692783e+00
4.434812981787080943e+00
3.915185417899641696e+00
3.106288938100884245e+00
3.288805523470734737e+00
3.206859850873521545e+00
4.400497787343658374e+00
4.422407636903260553e+00
3.106023923928032726e+00
3.916400331508859356e+00
3.677102584539058583e+00
4.425337620453115406e+00
3.725083503691979381e+00
4.247110096283932101e+00
3.919018329051503713e+00
3.886704506330993070e+00
4.134000421161525551e+00
3.920704450338240221e+00
4.444581724823476243e+00
3.866132805415734897e+00
3.308522233371681054e+00
3.895035384193584527e+00
3.879654794933288020e+00
3.113956109817093143e+00
3.939551425389182793e+00
3.104570672288556210e+00
3.723412488282085597e+00
4.520619062895358198e+00
3.305574335939106323e+00
3.889472053708714405e+00
3.866171409993313990e+00
4.424637652926261211e+00
2.827016876069710083e-01
1.631775394009560731e+00
4.010292009889691034e-01
1.647238033356608122e+00
2.929966429782351334e-01
1.149377086710006379e+00
1.129313935455713347e+00
2.959165478949556949e-01
1.644607287933555817e+00
1.126738235674556332e+00
1.102487108217671929e+00
1.633010723533194319e+00
1.017065756062821347e+00
2.834690223275480037e-01
2.829650605981182121e-01
1.151817077443937798e+00
1.729272097778127293e+00
8.466241269341429065e-01
1.097221360979359961e+00
1.015797154902953192e+00
1.048598682242920077e+00
1.387394483479796659e+00
4.953226136869854912e-01
1.060608668884425176e+00
8.583489873773335610e-01
1.089187861308947847e+00
1.363015485468066057e+00
1.631259003542606223e+00
1.574119459130678633e+00
4.882895366411394988e-01
1.082614271879519752e+00
3.029240724249484540e-01
8.608962788810868849e-01
3.848998908948850772e-01
2.828366304361833450e-01
4.926053907175222957e-01
1.638028391745620649e+00
1.129015002161044556e+00
1.065095567982477398e+00
2.874483743131051039e-01
1.067289427723674855e+00
2.496141119147146092e-01
3.975254387239726128e-01
1.139084612632310645e+00
1.382313125239410079e+00
4.939091954283849617e-01
9.099084596322720708e-01
1.584170527442552157e+00
1.581539567163619431e+00
1.973337513232299445e+00
4.965332250501726996e+00
4.799811222932264698e+00
5.136291635638274400e+00
5.287751838881888489e+00
5.135564679703425561e+00
4.846423801483645377e+00
4.840898401136872309e+00
5.003890840267978923e+00
4.817192120755262152e+00
4.970388799682650571e+00
4.884217636553693787e+00
4.876928365314527447e+00
4.817957982848483311e+00
4.851130333338528722e+00
4.475107019601675340e+00
4.841217276774615996e+00
4.963002374746317891e+00
4.475712847420625806e+00
4.689526348566047886e+00
4.882163206662115229e+00
4.361810293354354329e+00
4.367778930875733323e+00
4.885130690335624415e+00
4.347255629690694789e+00
4.633526427509099044e+00
4.912982560632556783e+00
4.881140016710499019e+00
4.691746158687045920e+00
4.376132583889725147e+00
4.888645958883523157e+00
4.911916673843494507e+00
4.342199081548429263e+00
4.303514158839228720e+00
4.640912852941514011e+00
4.913782751979926644e+00
4.256370267789893802e+00
4.343392807862106686e+00
4.377360418765630534e+00
4.890430103591693722e+00
4.341346467589529468e+00
4.794670534329958045e+00
4.377360457404120275e+00
2.320271133184008683e+00
2.983141701088682485e+00
3.045741796432387183e+00
2.949541388138777087e+00
2.979064860284195593e+00
3.046230221105743041e+00
2.218696578343251957e+00
2.994621321662488178e+00
2.965440923563842812e+00
2.765582271010323279e+00
2.966010403613572599e+00
2.225796270315993919e+00
2.963342268661236290e+00
3.184181256459104770e+00
2.905677474619635881e+00
2.949541137626970677e+00
2.750890840510920476e+00
3.032206857119659205e+00
1.158273084530694996e+00
2.742033682412081674e+00
2.895625429242250526e+00
2.117122023502494343e+00
2.167332368620549232e+00
2.036769630315391488e+00
2.336002889480008449e+00
1.348982015262284895e+00
2.795440455182938599e+00
2.319387567877413403e+00
1.147878301071214358e+00
2.805598401632208194e+00
2.912440521461795662e+00
2.892119063124382272e+00
1.616059103848950684e+00
3.135954915022606038e+00
3.512951781779703353e+00
2.028649210381093582e+00
2.038168919982368266e+00
2.395525975020811771e+00
2.324110565855746380e+00
2.035951027703294614e+00
2.326008450440451902e+00
2.375365665076496047e+00
2.412128992146193252e+00
1.967891287096612984e+00
2.456683661066956681e+00
1.972826219915571500e+00
2.353911909255044677e+00
2.372205386416661455e+00
2.398483112478637214e+00
2.831696237948881478e+00
2.732091057188306138e+00
2.834224014584939777e+00
2.326965048181435236e+00
2.334534205103736326e+00
2.456301334744586562e+00
1.232827961448691667e+00
1.151988268060620157e+00
9.178330362035662660e-01
9.330265110057327504e-01
2.283743578879998015e+00
2.173067937648983428e+00
2.177421158263810774e+00
2.173881114018938909e+00
2.202903885491926061e+00
2.288564946233504482e+00
2.481805559781238735e+00
1.425339485597190592e+00
1.225469292363086549e+00
1.218093970362567724e+00
1.218229946725232438e+00
-9.437351185260154374e-01
-9.424958871814328454e-01
-2.676533070529023561e-01
-3.305257936587957523e-01
-3.517448964679750212e-01
-1.183496301275920981e+00
-1.546991021064236138e+00
-2.802708374662579160e-01
-9.563998819740242574e-01
-1.919545880963142714e-01
-8.162841087386618621e-01
-8.139328508840704135e-01
-9.392707813786371762e-01
-9.520914408982616983e-01
-4.198377878906911498e-01
-1.173139356971439451e+00
-9.873056582078545418e-01
-2.838764399350788725e+00
-1.517894943309551659e+00
-1.016937980977354883e-01
-1.528306428726297073e+00
-1.495996944433132025e+00
-5.789979133149047996e-02
3.507357184750463652e-01
1.234924304682372131e-01
3.545082490665891761e-01
5.488759118636732381e-02
1.256755149282651196e-01
-1.120830266029178013e-01
-1.158478813250267692e-01
5.601585239639472746e-02
4.167512512767403976e-01
1.221010240274864600e-01
-4.926189713990725139e-02
-4.860622472302367214e-02
6.295590321882560403e-02
-3.614027450194701174e-02
-4.935709227199991389e-02
6.917526767049952952e-02
6.819384264831862552e-02
-5.657128648681730709e-02
4.440144882389507330e-01
7.413120628775615728e-02
-5.801403442484698303e-02
4.739274467468534979e-02
4.347209216304834811e-01
-6.082133924414194759e-01
-1.256854573002015307e-01
5.710483708157276794e-02
5.624814394042898513e-02
-5.748700828270614238e-02
-3.572136312198219699e-01
-1.104121119885865809e-01
4.356141203282288821e-01
-3.991048617756192129e-01
-3.334883931566139381e-01
-5.700652464960542787e-02
-3.590602350715643709e-01
4.313278200454062628e-02
-3.770779705699744966e-02
-3.294180841809302152e-01
5.231365938619525480e-02
-7.644053001518003043e-02
-3.323765690024349517e-01
-8.110638410419079847e-02
1.224820473731662140e+00
4.409751606549141556e-01
-3.593650471312730410e-01
-5.705953194217450175e-02
-1.227539486781465961e-01
-7.031039772992286885e-02
-1.306133723569846694e-01
-5.996230189949708134e+00
-5.970480924360773933e+00
-5.916118779511043257e+00
-5.994982140907849200e+00
-5.643230281490028588e+00
-5.569640142477366496e+00
-5.952527029895966493e+00
-5.499733738777105252e+00
-5.594483137591422128e+00
-5.994156105227775200e+00
-5.697163845761258116e+00
-5.703633669101483505e+00
-5.600513412919625900e+00
-5.700859539416644139e+00
-5.501316600550755886e+00
-5.925350380781174486e+00
-5.919723120072893252e+00
-4.983524579179428038e+00
-5.920204644524964976e+00
-5.565990787502994586e+00
-5.370219468377896099e+00
-5.373757556445623251e+00
-5.633640628910340453e+00
-5.114026557152045349e+00
-5.259064145026445480e+00
-5.680235083356733661e+00
-5.609847088903274326e+00
-5.503788890842600701e+00
-5.481139163112985990e+00
-5.484852658913613510e+00
-5.570054638022492455e+00
-5.682437852447302262e+00
-5.253888053394906166e+00
-5.950356267692100687e+00
-5.993821150965727540e+00
-5.953697870352582910e+00
-5.362585778470068121e+00
-5.364597206209349878e+00
-5.548655198531033506e+00
-5.692614816121002619e+00
-5.397659546870952951e+00
-5.935662675061764482e+00
-5.245517202916308186e+00
-5.729868979880851754e+00
-5.461874295789142408e+00
-5.605764806730975991e+00
-5.107267762444783976e+00
-5.392473809248366834e+00
-5.225783915661548207e+00
-5.245001818103908420e+00
-6.714208700222209281e+00
-7.694669554640988451e+00
-7.555641862824178823e+00
-7.727556668762948000e+00
-6.739378940196155909e+00
-7.689874231261476289e+00
-6.689574268463690743e+00
-6.758848953867502729e+00
-6.736042976525915549e+00
-6.752686253254045923e+00
-7.020109207097552151e+00
-8.235205980977982065e+00
-7.310415852873084930e+00
-7.547682299733794231e+00
-8.240680280496977872e+00
-7.706036076011763214e+00
-7.757483981979072851e+00
-7.533487029320377282e+00
-6.736944961305473711e+00
-7.617085257559536693e+00
-7.687889710342370009e+00
-7.552395089269212214e+00
-7.551096366573959884e+00
-6.750844239114048406e+00
-6.757898675794875132e+00
-7.708103501173403593e+00
-7.523173928175529213e+00
-7.014883828167928215e+00
-7.636358540872793199e+00
-8.136138379107290319e+00
-7.613105517975862213e+00
-6.764073864372331713e+00
-7.555219088576285102e+00
-7.681378948570713128e+00
-6.764646560229444106e+00
-7.519930286939029429e+00
-6.922271671456493358e+00
-7.763097023931212703e+00
-7.700435095394836615e+00
-7.026086419749333345e+00
-7.535615787025358614e+00
-7.675408583677912233e+00
-6.774670922961503194e+00
-7.285046081334993318e+00
-6.751496775679825646e+00
-6.926556269155895507e+00
-8.204678335041771575e+00
-7.271909281268964520e+00
-7.943196673590209755e+00
-7.759812444219814864e+00
-6.421899864210151243e+00
-6.486124091447392992e+00
-6.919056091701247801e+00
-6.424426967794124366e+00
-6.385365018419061123e+00
-6.488991533472771245e+00
-7.112118526102301885e+00
-7.420338872621023540e+00
-7.364564134180476174e+00
-6.389142143727861267e+00
-6.684838037171359382e+00
-6.936259535719636382e+00
-6.660544290000109946e+00
-7.278875875043247845e+00
-7.244911949070082180e+00
-7.430370796474835338e+00
-6.902962455669702457e+00
-6.646031313215690517e+00
-7.409634146856269865e+00
-6.936259294092860017e+00
-7.394429476611627194e+00
-6.922275355633346727e+00
-6.531972509153143314e+00
-7.433258510461545399e+00
-7.431441358368252814e+00
-6.387783216280785048e+00
-7.380788819641274756e+00
-7.411668710044924779e+00
-6.648482006129156296e+00
-7.273936227576052183e+00
-7.267225882203457665e+00
-6.608515958792973599e+00
-7.112493750838004836e+00
-7.252337295366205083e+00
-7.432180660317065701e+00
-6.508278694477950488e+00
-7.232316338960933066e+00
-6.377812991565174450e+00
-7.333160325437278360e+00
-7.118049754182248279e+00
-6.907587426240390016e+00
-6.934046073164823021e+00
-7.277930167600825229e+00
-6.525976504311584492e+00
-7.478090829673710083e+00
-7.114104483075617935e+00
-7.268811103334532397e+00
-7.279481743501369451e+00
-7.394929159001919494e+00
-7.234315007241452378e+00
-4.006519911039831072e+00
-3.824447039258539682e+00
-3.548348119819335178e+00
-4.008892817654874818e+00
-3.517064722415708555e+00
-4.008381556149565483e+00
-3.677798793602113037e+00
-4.060856587275184282e+00
-3.576758816149848030e+00
-3.581345624608030853e+00
-4.005168030710186677e+00
-4.265853057379876745e+00
-4.008892817654874818e+00
-4.273555199514069258e+00
-3.509852242095304220e+00
-4.008217972593019596e+00
-3.547385188497274022e+00
-3.502798552941305044e+00
-3.658378877518674521e+00
-3.177486718602293259e+00
-4.011188694902078744e+00
-4.005285738703943110e+00
-4.001153960961465472e+00
-3.981141870548034589e+00
-3.577751033829528637e+00
-4.285233452471338467e+00
-4.007265614065492088e+00
-3.583236990912788578e+00
-3.585179646923237762e+00
-3.948624715143681740e+00
-4.012304785362560189e+00
-3.954992326490843535e+00
-3.915399125257388313e+00
-3.565491886889884832e+00
-2.966331330724893967e+00
-3.797094507457341894e+00
-3.755060452529594528e+00
-3.669593932672533754e+00
-4.025135101381167146e+00
-2.957534296662498008e+00
-3.993899418564776482e+00
-3.985790755378425310e+00
-4.021049939409626184e+00
-3.501304364779992628e+00
-4.013475516039495261e+00
-3.925603570943640541e+00
-3.195683855205934343e+00
-3.651026679204903758e+00
-3.761387010719059454e+00
-3.931027660536903667e+00
-8.708561197286382338e+00
-9.477232318359803287e+00
-8.732131572047089563e+00
-8.017882777776602410e+00
-8.965401185679322538e+00
-9.277338620897600308e+00
-7.817394028163455744e+00
-8.912738154171314875e+00
-8.780884755332863278e+00
-8.705381220233467943e+00
-9.411913648570756408e+00
-8.965908099739689163e+00
-9.771228343677192285e+00
-8.919974573082452451e+00
-8.786297997677182892e+00
-8.971577890370255659e+00
-7.822783041310371388e+00
-7.818011675070231092e+00
-9.736762170510818493e+00
-8.750209394973776256e+00
-8.867088463208432358e+00
-9.395005059945912507e+00
-9.014364587145333729e+00
-9.456215944270539353e+00
-8.805900274423054341e+00
-9.018626386172073239e+00
-9.016977080293692381e+00
-8.920249723407753351e+00
-8.916358361925453835e+00
-8.786258764970787283e+00
-9.281569582399669116e+00
-8.779828143211680924e+00
-8.475823705567476551e+00
-9.047062684997371207e+00
-8.057545005904213298e+00
-8.998335841503575239e+00
-8.771156190435092981e+00
-8.996897698873706162e+00
-8.033946170991658420e+00
-8.746073396758847096e+00
-8.730543612875676374e+00
-8.839903091078276987e+00
-9.624625391353431425e+00
-8.783857320415874526e+00
-8.950041545270767784e+00
-8.757120310463047730e+00
-8.955516918432410378e+00
-8.875594795634992096e+00
-9.246013214062299923e+00
-9.438713171988828421e+00
-9.082549499119664915e+00
-8.021424267602233371e+00
-8.021629306980880614e+00
-8.033703636341016363e+00
-9.136710731094025206e+00
-9.084921020291599092e+00
-7.212522117461789506e+00
-9.175556844079753915e+00
-8.067230248227225786e+00
-8.027671468212506767e+00
-8.044504140997318586e+00
-7.877421295900965958e+00
-8.050322171027030294e+00
-9.345739523464562382e+00
-9.110784296597618237e+00
-8.048823607567630489e+00
-7.448559445950287738e+00
-9.110697534285257859e+00
-7.904365363831885816e+00
-9.180672019784719140e+00
-8.071709613659530547e+00
-7.110645670048191924e+00
-7.899684512600687825e+00
-7.103664482241113021e+00
-9.090163442108615044e+00
-7.883661352690625179e+00
-7.802536197440102406e+00
-8.049905296198069493e+00
-7.863342234076176496e+00
-9.110692597093825285e+00
-8.068002838890498296e+00
-7.779481709547810375e+00
-8.039608932646816086e+00
-7.451845006762032320e+00
-7.134020813046498155e+00
-9.084070444147450019e+00
-7.807916477350449469e+00
-7.861792098976764009e+00
-8.035900340550799825e+00
-9.175682609187234107e+00
-7.473685899854284109e+00
-7.710527267384165384e+00
-7.709287119008310540e+00
-7.469698640199068151e+00
-7.779212971549922528e+00
-7.889522484697748084e+00
-7.857428914826309452e+00
-9.134820946791844420e+00
-9.130014002590936428e+00
-7.468966405462473368e+00
-1.187927322301488431e+01
-1.106994665736103656e+01
-1.190034355194650573e+01
-1.163716939377942339e+01
-1.097370944052981123e+01
-1.082812363080963536e+01
-1.159533090723713400e+01
-1.093585848842079677e+01
-1.097845418771416348e+01
-1.107190892585925290e+01
-1.060058232859395844e+01
-1.160673811714049819e+01
-1.072927340207094637e+01
-1.086517048414021502e+01
-1.072297012615206846e+01
-1.098008942329764537e+01
-1.093434971525255861e+01
-1.187388586545161928e+01
-1.161332238083681645e+01
-1.078981969125308282e+01
-1.092086486714537230e+01
-1.161543250151113504e+01
-1.163010525247720217e+01
-1.084264841382706379e+01
-1.072655182541266150e+01
-1.079370899088286251e+01
-1.078531260646135337e+01
-1.098355525902132257e+01
-1.085868002560695089e+01
-1.106391538615252479e+01
-1.058723569275046117e+01
-1.107257998627559559e+01
-1.060081268353432726e+01
-1.054805642950121047e+01
-1.055861911061959724e+01
-1.081110337405189625e+01
-1.087811982963449253e+01
-1.072986404988039233e+01
-1.150005762728229541e+01
-1.060224396679109837e+01
-1.071503506355034396e+01
-1.073233678071466812e+01
-1.060825289651642933e+01
-1.079145497928189101e+01
-1.039831961455097087e+01
-1.060498972878746571e+01
-1.040647246735554177e+01
-1.060141971278847883e+01
-1.073601908539552419e+01
-1.060078468701910381e+01
-7.938832520571542872e+00
-7.938824370082437909e+00
-7.576011621696755682e+00
-7.920194998166143918e+00
-7.358198917384173754e+00
-7.564782357578503813e+00
-7.924687709349209186e+00
-7.642961312031284038e+00
-7.605477570982747793e+00
-7.781377967127884432e+00
-7.359140016445286037e+00
-7.913088598244635286e+00
-8.241647041930306727e+00
-8.955566976067581564e+00
-7.557159324133603917e+00
-7.312342584367703680e+00
-7.939528734040167457e+00
-9.049520262226977252e+00
-7.593769832187766688e+00
-7.557379683471586063e+00
-7.588448284212804928e+00
-7.605772637193957131e+00
-7.555791060257662117e+00
-7.603211928329096203e+00
-7.938159729982517732e+00
-7.938017436567667673e+00
-7.589184145751513455e+00
-7.943217158880533368e+00
-7.776921684533048662e+00
-8.956353819297472540e+00
-7.266707065994531867e+00
-7.769981215464849100e+00
-7.377641635427321987e+00
-7.784653340184409132e+00
-9.317364374550280104e+00
-7.606343587293629582e+00
-9.012626705970545160e+00
-7.794903536655968246e+00
-9.015168125260245802e+00
-7.943020233568232946e+00
-7.584418096890207295e+00
-7.537394676121848214e+00
-7.802201108516338302e+00
-7.599019660994748016e+00
-7.916457491173967576e+00
-7.852699919285107910e+00
-7.642466059105765375e+00
-9.069774089653142468e+00
-7.939460539347715340e+00
-7.826139880696175055e+00
-1.044373525689092830e+01
-9.900447442992113878e+00
-9.343568564066710991e+00
-9.122712016711956196e+00
-1.074248012094841087e+01
-1.076308044344825987e+01
-8.569068694281416043e+00
-8.991487317968603676e+00
-1.037259630912285147e+01
-9.132143907807810379e+00
-8.983070620923511385e+00
-9.341248959737907143e+00
-1.075956368808717656e+01
-9.049651774517547764e+00
-8.971908754426996424e+00
-9.343942515376232549e+00
-8.997809909652454863e+00
-9.098445363954182241e+00
-9.136962315784108668e+00
-9.332695571455737138e+00
-9.159795120548801961e+00
-9.188704970928521121e+00
-1.076212500251689264e+01
-8.973903755608313659e+00
-9.358336706027040819e+00
-1.076024445968062260e+01
-9.087623861202771991e+00
-8.990246201255963854e+00
-9.032472315133219354e+00
-9.302131320702571315e+00
-9.093753797105536663e+00
-9.396803329239229896e+00
-1.041963247059536357e+01
-1.042531596948306749e+01
-1.045415305930101901e+01
-9.299339692424158699e+00
-9.369419235074659014e+00
-1.091163547480992335e+01
-8.941296739513513003e+00
-9.111753368767159245e+00
-9.382312269834290674e+00
-9.849186384049822607e+00
-9.334817895897835172e+00
-1.043504437951829367e+01
-8.942530981889047936e+00
-9.103695946897385483e+00
-8.979980535301280042e+00
-1.043887600614097977e+01
-9.052600762591190175e+00
-9.927744182119973004e+00
-9.364785594352234455e+00
-8.061229728326681609e+00
-9.069595949852240935e+00
-9.067886542351248025e+00
-9.159822733205363221e+00
-9.416863112711457262e+00
-8.252352700787135120e+00
-9.431919804598772217e+00
-9.459084765166567266e+00
-9.073007855583416159e+00
-9.423473610037182979e+00
-9.410005765777158970e+00
-7.698779451163392906e+00
-9.456130337161912536e+00
-9.200176324767324942e+00
-9.068884384624885442e+00
-9.073807310182978370e+00
-9.078001673712158492e+00
-8.959001460587684207e+00
-9.190779539998651160e+00
-7.868342036661605476e+00
-7.735394288336131297e+00
-7.899552192569832876e+00
-8.316878892119840216e+00
-8.972249688890894248e+00
-7.897567641645353298e+00
-7.872477476627569359e+00
-9.805841037962427009e+00
-9.093832339103677498e+00
-9.197030017068506424e+00
-9.412169248845239977e+00
-9.457820724057286910e+00
-9.085762325869778167e+00
-7.897607396907691424e+00
-9.457019684833602113e+00
-9.076061455230380659e+00
-7.887655206408307862e+00
-8.956448970497728368e+00
-7.898806578439358184e+00
-9.082657955004416195e+00
-8.976557739944468040e+00
-7.889100767507716938e+00
-8.967027087531086238e+00
-9.016611317394954028e+00
-9.808089654565568694e+00
-9.007799375257834029e+00
-7.888934214680620727e+00
-9.256758794222577080e+00
-9.389097558457605075e+00
-9.791925532913895225e+00
-1.077417512891454088e+01
-1.202789012718604411e+01
-1.205217926365109271e+01
-1.227362624103440325e+01
-1.205970065126073010e+01
-1.175982313981268490e+01
-1.094311432296068531e+01
-1.183955558260206686e+01
-1.204544294624460932e+01
-1.175426024428587546e+01
-1.088777457594025755e+01
-1.263798360574330282e+01
-1.201964100347139919e+01
-1.239560137698737030e+01
-1.205768173118389797e+01
-1.256684770177816901e+01
-1.166336606793326069e+01
-1.168385968803935526e+01
-1.103516493392593034e+01
-1.165571974062244998e+01
-1.170985577567825331e+01
-1.171567697166323185e+01
-1.089888987506703977e+01
-1.160789357209136519e+01
-1.102191143557903175e+01
-1.171444691015087791e+01
-1.173711349514557867e+01
-1.206768460191461578e+01
-1.088713994532797358e+01
-1.225812745172710194e+01
-1.226357180565839755e+01
-1.239184860822232537e+01
-1.202156493298127593e+01
-1.161421884306269980e+01
-1.090105088949455414e+01
-1.102041154148471946e+01
-1.077251312078761281e+01
-1.206576283182779363e+01
-1.084749701154692580e+01
-1.270448443930619753e+01
-1.235712028702718790e+01
-1.087978010991282574e+01
-1.204632590163918415e+01
-1.084828757059598914e+01
-1.258435583255412205e+01
-1.072027104422353716e+01
-1.085397617359374323e+01
-1.084886308096560192e+01
-1.239491612397495501e+01
-1.258265592984889203e+01
-9.954129174698143956e+00
-7.796351851721261106e+00
-9.122913345953993058e+00
-9.147335001384895747e+00
-9.140209741261188015e+00
-7.801091249781337389e+00
-7.847936499014322109e+00
-9.949914019419118461e+00
-9.141963466237438496e+00
-9.806076616331241169e+00
-7.843272092954029162e+00
-9.567383977167558839e+00
-9.018586389293894001e+00
-7.846707928549376376e+00
-9.023909170355064902e+00
-7.812317342234754491e+00
-7.853702160572102464e+00
-9.530401610769288823e+00
-9.556797456515736755e+00
-9.006894819749136971e+00
-7.934029439195587230e+00
-7.592193787351969370e+00
-7.927098501098544858e+00
-7.643181690198881384e+00
-7.375018220016540837e+00
-7.511994895054323607e+00
-7.649546967905719974e+00
-7.610772772119400287e+00
-7.439623994568618670e+00
-7.449892908452608431e+00
-7.914096249103705460e+00
-1.168292791496402572e+01
-1.192491315010476960e+01
-1.024627047740746555e+01
-1.191090380993526665e+01
-1.213642608437655213e+01
-1.170679850076317763e+01
-1.028102170909673063e+01
-1.170206416253706294e+01
-1.119683884764801363e+01
-1.166565261562091393e+01
-1.203522580818834165e+01
-1.169945068996190862e+01
-1.165116778952701182e+01
-7.333687627632458295e+00
-6.163630265753834436e+00
-6.228153038441230471e+00
-7.087482344780265286e+00
-7.431575769655314190e+00
-7.431782703988267791e+00
-7.283720093856381084e+00
-7.723492417724953540e+00
-7.052848219585976075e+00
-6.287492512705057379e+00
-6.279121722080274637e+00
-7.234129957287591672e+00
-6.190027868289336155e+00
-7.761188024380053285e+00
-6.295759291067115626e+00
-7.098048158909177729e+00
-6.287348996979293503e+00
-6.291489399966190277e+00
-5.952802999871488865e+00
-7.429804615328266415e+00
-7.324827477551593802e+00
-6.125778587396593977e+00
-7.274099959964889450e+00
-7.087677992230732471e+00
-7.232848722130283292e+00
-7.692654302543323830e+00
-7.051516020748779034e+00
-7.700914754927243422e+00
-6.190487858624815765e+00
-7.348601493207834068e+00
-7.326231646186611712e+00
-7.307978053938438912e+00
-7.342658471049793079e+00
-7.237056408134292518e+00
-7.754706985145111808e+00
-7.237229105095425830e+00
-7.257556931719774340e+00
-6.132884226777356673e+00
-7.233236047246596634e+00
-7.346381063133327061e+00
-6.288426892909741994e+00
-6.229648325579117518e+00
-6.205703706933579866e+00
-6.280646043109542553e+00
-7.263582410559268787e+00
-7.724378007142911784e+00
-7.347113921887380883e+00
-7.056724487370690468e+00
-6.281760958367232028e+00
-6.123936867947508134e+00
-8.058468717788056068e+00
-7.616631082344067494e+00
-5.771469252620082813e+00
-7.492897160897980413e+00
-7.870614966871663398e+00
-6.681717266360179153e+00
-6.689533021885354813e+00
-7.774020602608127994e+00
-5.785096797162611715e+00
-7.660980978811258169e+00
-7.600900323902463285e+00
-7.624307103104185579e+00
-7.594508575162216779e+00
-7.675991680036117870e+00
-5.780723073997849681e+00
-7.542469446721887572e+00
-7.621289048764389840e+00
-7.568109597521525345e+00
-7.542628854148416551e+00
-7.623060441674341270e+00
-7.627379695505446477e+00
-7.605871660672534063e+00
-7.630172208787055155e+00
-7.541905246334795976e+00
-7.572517088726339551e+00
-7.556010573164876121e+00
-7.823460781181285739e+00
-7.777454036495486278e+00
-5.766016717497578270e+00
-7.617244990735181354e+00
-7.622450134788433473e+00
-7.771294527126798357e+00
-7.622798075934287709e+00
-7.780497567375403101e+00
-7.803937263762344756e+00
-5.750391018880034899e+00
-7.638122715349844327e+00
-8.207848240178392984e+00
-7.945384550375604427e+00
-5.751710756656465584e+00
-8.207821889888048617e+00
-7.638696113987589520e+00
-5.765262573697897075e+00
-7.831912163519440639e+00
-7.619086335919291741e+00
-7.587501676788417804e+00
-6.500349996263988572e+00
-6.714568209101152263e+00
-7.762562253872900442e+00
-8.083973148978163437e+00
-9.847852843787546107e+00
-9.797361312475111106e+00
-8.701001935273573906e+00
-8.357846649409005124e+00
-9.732451635055582528e+00
-9.849886481146551631e+00
-9.875986148139418219e+00
-1.039342455542389310e+01
-1.013075068065647244e+01
-8.710151372583561979e+00
-9.986193389163464218e+00
-9.851949076058435395e+00
-8.597000574072577450e+00
-1.001472259986675084e+01
-9.876543918484488316e+00
-9.963048865231675322e+00
-9.796442056002952370e+00
-9.906585679194888527e+00
-9.718652620209757842e+00
-9.843134577256067885e+00
-9.908167964637202729e+00
-9.920469171694355381e+00
-1.000281762335499813e+01
-9.905049155080902779e+00
-9.632601636023569114e+00
-9.866757312130172153e+00
-9.721129871822306256e+00
-9.831223472392579765e+00
-9.961589172119767355e+00
-9.825985176831112611e+00
-9.870819313256845362e+00
-9.826078770785869665e+00
-9.961441497730774586e+00
-9.837138474369957919e+00
-9.716404993282161229e+00
-9.833015710520626840e+00
-9.841864138834761633e+00
-9.883685916640397195e+00
-9.960222072209734989e+00
-1.045585337986013386e+01
-9.838699645168230035e+00
-1.045314276765225259e+01
-9.874470628545989115e+00
-1.036864019471274823e+01
-1.045825184059881963e+01
-1.037137430399626936e+01
-9.907288677794742426e+00
-1.045437976769231980e+01
-1.004807113877595981e+01
-1.045680273097798008e+01
-4.472206994735431707e+00
-5.995445239562708473e+00
-4.748695276671945464e+00
-5.716928945082116797e+00
-5.967092586562706025e+00
-4.830064555772524137e+00
-4.668958357709069418e+00
-4.813092466286926552e+00
-4.848646563380885510e+00
-4.815923334319591298e+00
-4.480883238111134759e+00
-5.912984762523958437e+00
-5.793821157324973825e+00
-5.953211392962734827e+00
-4.477100967786194374e+00
-4.832657225458447670e+00
-5.990399521157111273e+00
-5.993952910950338442e+00
-4.809934615214969789e+00
-5.718289634509563513e+00
-4.477328885447748874e+00
-5.831144431922468563e+00
-4.507751401267839242e+00
-5.975164042046049673e+00
-4.832448676338660043e+00
-4.506711283926589928e+00
-5.944823422714534900e+00
-5.830782546825987289e+00
-4.810108107808163780e+00
-5.719678121751799793e+00
-5.942848604002628043e+00
-5.161761431355359697e+00
-5.802438758044721645e+00
-5.932835602765850425e+00
-5.996775896241860693e+00
-4.804716399460160936e+00
-6.092391675706112508e+00
-4.665973369733496412e+00
-6.093573668123506870e+00
-5.823791707689996322e+00
-5.826982732639166329e+00
-5.794062411268309454e+00
-5.971276049025346921e+00
-5.723841143548533239e+00
-5.972433729818366288e+00
-5.943341364369990387e+00
-4.691473268019241694e+00
-4.506651111617031802e+00
-6.089904621763065684e+00
-5.935209976628144979e+00
-9.227560823914178201e+00
-9.062551247704000446e+00
-9.217251815744649690e+00
-9.249471958543534100e+00
-9.207502312863468319e+00
-9.233444158441034944e+00
-9.034756609335182986e+00
-9.229958208036581624e+00
-9.259731891138303084e+00
-9.229289306813459604e+00
-9.233153935706191362e+00
-9.258978612667252861e+00
-9.221365095736942408e+00
-9.034824446774157636e+00
-9.075839471306819561e+00
-9.252123916741105347e+00
-9.205108263043026540e+00
-9.227622435847575133e+00
-9.229915560403004093e+00
-9.232739903884219501e+00
-9.245245503416235522e+00
-9.227805613103891247e+00
-9.228343608365626949e+00
-9.076121743912143103e+00
-9.205278768646293130e+00
-9.260189930421958593e+00
-9.203895129052312996e+00
-9.232830240796761956e+00
-9.249556987599419244e+00
-9.221365723642072965e+00
-9.245461939374404636e+00
-9.245461475447385169e+00
-9.224534801001372131e+00
-9.075130329620895608e+00
-9.206605277782188068e+00
-9.229504974183024402e+00
-9.196457592965389338e+00
-9.207466102052119794e+00
-9.229954417122904431e+00
-9.251474444928085461e+00
-9.075039351042907043e+00
-9.257765372622436928e+00
-9.295996347722848441e+00
-9.231914763012811775e+00
-9.222821918962942789e+00
-9.042790146829128517e+00
-9.029290855193435661e+00
-9.246559839630872801e+00
-9.033861393359593706e+00
-9.204922233835604928e+00
2.882049165551014980e-01
-1.565269699890592392e-02
5.829965344060887844e-01
6.420742628784914530e-02
4.003831132703119522e-01
3.096767179765302913e-01
2.844196062883153076e-01
5.062330268669432698e-01
5.797018723798794682e-01
7.106512224113981091e-02
2.843414145352367584e-01
1.777983680924153376e-01
5.101778198689155275e-01
4.704233303311449177e-01
5.767399783996296492e-02
1.765098925965968846e-01
3.817021901175818854e-01
4.582482670748353470e-01
3.896532791410809438e-01
3.332119711904599768e-01
3.002000959741231156e-01
-1.056322593764837947e-01
4.562372950199691246e-01
3.036499371959253679e-01
3.846096318681135884e-01
-8.258393347700909715e-02
1.865056338639732303e-01
5.114072747944682362e-01
4.441815529185753064e-01
3.035147504003301577e-01
5.490225185211707881e-01
3.936801090547801252e-01
-1.033328611631310068e-01
-1.580912028068519604e-01
3.105964812049206714e-01
-1.043191169505881533e-01
4.441439483868308002e-01
3.251577013138753358e-01
2.936231731847058768e-01
-1.560408889697608714e-01
3.099439750478776290e-01
3.229258472470117880e-01
-8.912014450256311449e-02
-1.645792407128277013e-01
4.469746658276498863e-01
3.116264944484115063e-01
3.113006889177700742e-01
4.667875884744070447e-01
-1.583301088574682325e-01
3.123192715418294796e-01
-8.447234750167528006e+00
-7.002447190927005849e+00
-8.095381268293134980e+00
-8.186275712837773000e+00
-8.444170286685659832e+00
-8.438882148062948119e+00
-8.177162920228997933e+00
-8.198880951417145013e+00
-8.226508481927240268e+00
-8.446992525717009315e+00
-7.002424675534957288e+00
-8.223250272226557911e+00
-8.206176117491637001e+00
-8.441656704251142784e+00
-8.073663190862369277e+00
-8.017212283956496321e+00
-8.210595460580048410e+00
-7.055407051953087816e+00
-8.187886381044588546e+00
-7.022903249181348784e+00
-6.991236829715930412e+00
-8.239928391491217141e+00
-8.355591380583952343e+00
-6.982187704003925965e+00
-7.002989396225880014e+00
-8.352707708557469246e+00
-7.626480225706872673e+00
-8.212559355380792070e+00
-8.211933560946462762e+00
-8.349688243001489596e+00
-8.447296621243202353e+00
-6.962662033670014239e+00
-8.108653891789629142e+00
-8.379713229404211816e+00
-8.631830572023503123e+00
-8.381096019496480309e+00
-8.092417096482826366e+00
-8.435576700963308028e+00
-8.196583613836416760e+00
-7.640135402831311318e+00
-8.367331939750938474e+00
-8.016345940458776909e+00
-9.773882755517186993e+00
-9.352875252667438133e+00
-9.773732236045134414e+00
-7.873645857865646747e+00
-9.478583213199595292e+00
-9.462539181059767657e+00
-9.696118428720428284e+00
-9.864726446054907782e+00
-9.439131176929212330e+00
-7.847464273052040085e+00
-9.953014732968615164e+00
-7.844963635279667002e+00
-1.001744379954773834e+01
-7.938661803718323640e+00
-9.710516082283113803e+00
-9.957859011504986313e+00
-1.017999582814478465e+01
-9.737247030202116349e+00
-9.957696333794727295e+00
-7.513133156059488726e+00
-9.680975394782809218e+00
-9.774454627467157763e+00
-9.476468031827828042e+00
-9.491067490929825823e+00
-1.002341553939308305e+01
-9.678585912231014277e+00
-7.508785478437244976e+00
-9.959187451645687972e+00
-7.950948899331685027e+00
-9.712729650653106006e+00
-9.698210125191284448e+00
-9.811343686932085362e+00
-9.809122284145654902e+00
-9.707656394103342024e+00
-7.936971730527032420e+00
-7.957115854788563425e+00
-8.653562625480166304e+00
-7.986195585476151493e+00
-9.710136238010584009e+00
-9.477181945379300032e+00
-9.805280335868793884e+00
-9.705560424210290194e+00
-9.475090613539393303e+00
-9.676956082861215336e+00
-9.676851563203094031e+00
-1.002590870458789674e+01
-9.812124362729546689e+00
-9.768371493603357436e+00
-9.701290528687465553e+00
-8.649755075605209953e+00
-6.820348423156839424e+00
-4.966054423162894693e+00
-6.586770960870660829e+00
-4.967399766536999550e+00
-4.743266132931311496e+00
-4.769634589006717995e+00
-4.740599355169009321e+00
-5.092930774637823177e+00
-4.738192963742452690e+00
-6.734557345471707812e+00
-5.212189249618020881e+00
-5.663134420888342291e+00
-6.755167264944024197e+00
-4.761011036267562169e+00
-6.997314272555997583e+00
-6.961124651159931176e+00
-5.097830686313263193e+00
-5.215490386839135795e+00
-5.229752871939400194e+00
-5.272275241032659210e+00
-6.736359717658308099e+00
-6.895794253166540599e+00
-6.956007223765282355e+00
-5.667296446978764557e+00
-6.781032691154465830e+00
-6.991253309211467482e+00
-6.587785570680127378e+00
-5.657091833370553324e+00
-5.277449240564144439e+00
-6.759816341431174713e+00
-5.222846040741671914e+00
-6.577865701573187174e+00
-5.242319146669142782e+00
-5.670963088640862182e+00
-5.231605876974514402e+00
-6.768559203546558933e+00
-4.757348450326356115e+00
-6.745601469197428202e+00
-6.584773237120797873e+00
-5.650838105277390611e+00
-6.899598286369680089e+00
-6.758314361744441001e+00
-6.782225572123230961e+00
-5.673641436124091442e+00
-5.278396559047766168e+00
-7.033755728013074915e+00
-6.920797415179608336e+00
-5.635342234999387578e+00
-6.971713144213312674e+00
-6.988777609745348229e+00
