-5.110547531580577285e+00
-4.960355549213122828e+00
-4.945260539143459866e+00
-5.018847715462141146e+00
-4.960245675875903260e+00
-4.980303283036145778e+00
-5.031289765002155079e+00
-5.117312228416516007e+00
-4.951383755809714238e+00
-5.031596627247935771e+00
-4.960342364261050463e+00
-4.961187588382127700e+00
-5.095332008462771789e+00
-5.029318572530145026e+00
-5.038823385227345852e+00
-4.996053777653789219e+00
-4.988776653356854496e+00
-5.029844719225675220e+00
-5.029238384363421410e+00
-4.989359776571381744e+00
-5.020769620792587595e+00
-5.034280161328362979e+00
-5.029485174003099246e+00
-5.038468780565819927e+00
-4.990358780903610736e+00
-5.098013554233473243e+00
-5.068110951043863999e+00
-5.068037125996917247e+00
-4.950535408546998362e+00
-4.948232337996287811e+00
-4.995941111086553477e+00
-5.030441623363675063e+00
-5.036036134167643397e+00
-5.105054046629120990e+00
-5.030203488955816482e+00
-5.110912817691427357e+00
-5.030191004957734968e+00
-5.027511073740749126e+00
-5.031280426766110203e+00
-5.059922630238173014e+00
-5.059467288664158069e+00
-4.979846661087584891e+00
-5.029485180740488559e+00
-5.038467434769939857e+00
-5.111185387941706182e+00
-5.029101576411969532e+00
-5.097518374605385816e+00
-5.067761722961350301e+00
-5.034324304700049879e+00
-5.030544337673629407e+00
-3.285414032586853050e+00
-2.723308967410233983e+00
-3.726882367263815610e+00
-3.283850467069708401e+00
-3.127287082823563935e+00
-2.871782211583410405e+00
-2.872407247466995273e+00
-3.879613588692072401e+00
-2.584939850289435181e+00
-3.590828857477776914e+00
-2.864409592208740918e+00
-2.753691036057437369e+00
-3.374983542849302243e+00
-2.770633762826517632e+00
-3.301411638361903211e+00
-3.378127886263289525e+00
-2.868986611419368504e+00
-2.800693557656329435e+00
-3.365308584489963284e+00
-3.404334647444779538e+00
-4.068739803731020288e+00
-3.364592984184215485e+00
-3.878305348843785083e+00
-2.777292450075412589e+00
-3.361561907796632109e+00
-3.361910805455846418e+00
-3.959929478365968425e+00
-3.914138417851059426e+00
-3.636983864358080520e+00
-3.833998851320839396e+00
-3.080080103726625662e+00
-3.380399272435699931e+00
-3.832637580514492104e+00
-3.373635120815192678e+00
-3.809388333655095327e+00
-3.810832302141472727e+00
-3.930503544592567788e+00
-2.810100553952819435e+00
-3.364313633116073010e+00
-3.362236011775234790e+00
-3.372720101892268119e+00
-3.008221310466603349e+00
-3.391842469960839157e+00
-3.086986861161671758e+00
-3.354990022601481936e+00
-3.938686180003728499e+00
-2.777953160177233372e+00
-3.130421576558024110e+00
-2.866761855256199087e+00
-3.369089073037329296e+00
5.600225144822934098e+00
5.336432943846300958e+00
5.027097572376876933e+00
5.335669406853747354e+00
5.253068459275290536e+00
5.031519213880637054e+00
5.044627876864570482e+00
5.045282217929222490e+00
5.044882024520522812e+00
4.577862655401301772e+00
5.201429047944637674e+00
5.335124202881065258e+00
5.136401672541512475e+00
4.629315644238457317e+00
5.012801796223371298e+00
5.018716181088654693e+00
4.927889427968082714e+00
5.577733765073388028e+00
4.927132128896814400e+00
5.335830796738483706e+00
5.193162737712844645e+00
4.626114221463668130e+00
5.040348743974378820e+00
5.002097132061716245e+00
5.020990713260548688e+00
5.376033725396618834e+00
4.670281706485866380e+00
5.191552205720450175e+00
5.355194062274778233e+00
5.337563409204951981e+00
5.182464436307538946e+00
4.868856644831287106e+00
5.340887147989324291e+00
5.377787133898473293e+00
5.310610457703431209e+00
4.580808412336012658e+00
5.197987489992350163e+00
4.996653740082919626e+00
5.197100338998356328e+00
4.681729695782999912e+00
5.036032473091267114e+00
5.027521409909086358e+00
5.012674767197325743e+00
5.252560159966257913e+00
5.253362711474601099e+00
4.564040809838424195e+00
5.282385528513080963e+00
5.018006308337366050e+00
4.871532316978247401e+00
5.182870220791442328e+00
-3.335871113519606190e+00
-3.373812440475435714e+00
-3.662635803818073299e+00
-3.246801470680117596e+00
-3.430222298623507804e+00
-3.127509708106304132e+00
-3.659688431406177500e+00
-3.432821805603517795e+00
-3.385219339675854755e+00
-3.335917623144405653e+00
-3.423276124027662348e+00
-3.664608123144453167e+00
-3.629048058030464929e+00
-3.722868782396642651e+00
-3.373655053345260058e+00
-3.228391441066371215e+00
-3.220492346893855107e+00
-3.222790099305176348e+00
-3.423603225710984077e+00
-3.247395124469403704e+00
-3.440049092582581736e+00
-3.685979970019818808e+00
-3.637220428616370071e+00
-3.660336721985271602e+00
-3.244102895978311807e+00
-3.235428606924982908e+00
-3.686390881662424235e+00
-3.437586999540160448e+00
-3.531445678876930394e+00
-3.233274535000682626e+00
-3.539034325285639326e+00
-3.385969709560466612e+00
-3.437431779740959925e+00
-3.443615638885106023e+00
-3.373468856811536298e+00
-3.423104695845866630e+00
-3.272538673002644671e+00
-3.450332522880604991e+00
-3.628608634923748966e+00
-3.441027258373140718e+00
-3.443322257896321403e+00
-3.684339806910884363e+00
-3.431946336546912057e+00
-3.690928491833330050e+00
-3.539105989279327069e+00
-3.318258228595095893e+00
-3.629112741223876171e+00
-3.442740247132610953e+00
-3.449101082079153890e+00
-3.233657432087682082e+00
5.893271483975619063e+00
6.183559583328596787e+00
5.914422121351604389e+00
6.207482214509276730e+00
5.902037307930656951e+00
6.051836733647137478e+00
6.050590257046442488e+00
5.902372052318591855e+00
6.206877201473687933e+00
6.051260727129323058e+00
6.065636061649998467e+00
6.184611462023324790e+00
5.969914005608016438e+00
5.901179181927336259e+00
5.901414064979796592e+00
6.052818817540467577e+00
6.076875688870361003e+00
5.939713827443318550e+00
6.064020980268528760e+00
5.969622249093310629e+00
5.999194773229097777e+00
6.121054571715397685e+00
5.929479826871043358e+00
6.045874578151662959e+00
5.931028083216427049e+00
6.048097337777059934e+00
6.089181564762638388e+00
6.184410645602163470e+00
6.055226022284749376e+00
5.927586271556819497e+00
6.046922338088494442e+00
5.903175391896191115e+00
5.949542450406871907e+00
5.911359369901717287e+00
5.901228619399764952e+00
5.928812670087369341e+00
6.066415549922711037e+00
6.051082760772139579e+00
6.044914001459988029e+00
5.894026345205610085e+00
6.045586910833680605e+00
5.865457213687660598e+00
5.914020451562803871e+00
6.050614680655929334e+00
6.120370905167304088e+00
5.932620323146453600e+00
5.983295386167034380e+00
6.200252182941863310e+00
6.199647145275289262e+00
6.105188539115383506e+00
-1.344479716799383162e+00
-1.688651628438083918e+00
-9.861198479480592916e-01
-6.498954549532360847e-01
-9.876396764869628253e-01
-1.609212554506463722e+00
-1.621217382481545233e+00
-1.269502495245982132e+00
-1.646990692569178627e+00
-1.351756259486330158e+00
-1.523301211375515329e+00
-1.538697263000361026e+00
-1.645076393738616805e+00
-1.598738497521991597e+00
-2.424021686072473702e+00
-1.619933181477057449e+00
-1.368138251314367171e+00
-2.422755095047106177e+00
-1.946776479268370164e+00
-1.527879024425219612e+00
-2.700028972074123512e+00
-2.686916258429561388e+00
-1.521493767916204387e+00
-2.731553999892035289e+00
-2.075752875739393488e+00
-1.459187416723541020e+00
-1.530126909687954395e+00
-1.941822455765782163e+00
-2.666954468876333806e+00
-1.514068982792153850e+00
-1.461868863561424092e+00
-2.743113512181699409e+00
-2.838542159634673379e+00
-2.059370878873925115e+00
-1.457576089105331096e+00
-2.916362420086657803e+00
-2.740490981542621274e+00
-2.664256996064666705e+00
-1.510087242389549278e+00
-2.744986649211858865e+00
-1.699816630704783282e+00
-2.664256903283295674e+00
-2.996091381762923778e+00
-2.725867125282519066e+00
-2.729084044770965445e+00
-2.754997138805042933e+00
-2.726975748510747533e+00
-2.729259736880516929e+00
-3.030377085910006318e+00
-2.738325189846467556e+00
-2.749377728783078734e+00
-2.863334472269566167e+00
-2.748837222481526954e+00
-3.027780017355607978e+00
-2.750411202677196076e+00
-2.811149164236297349e+00
-2.862891617878424722e+00
-2.812976954540658436e+00
-2.868995621810452423e+00
-2.734517064103182182e+00
-3.243534441122473577e+00
-2.906391938413616760e+00
-2.877954117846853510e+00
-3.064662790057087971e+00
-3.006686334056812626e+00
-3.041865114518477853e+00
-2.961174287722776910e+00
-3.229929706031509973e+00
-2.836796150040897579e+00
-2.965680937956383545e+00
-3.285640395349615162e+00
-2.834058756155811487e+00
-2.806692697763057076e+00
-2.812181516168569928e+00
-3.157739421778077649e+00
-2.746188945638550649e+00
-2.644954569385339127e+00
-2.793121192202457692e+00
-2.782853128185149849e+00
-2.347199557459346053e+00
-2.419243591993762266e+00
-2.786049943511281768e+00
-2.416371941883182828e+00
-2.372490607976831534e+00
-2.317617910094928568e+00
-2.647128732813739838e+00
-2.280145909773263035e+00
-2.859768931644209644e+00
-2.382693484273096907e+00
-2.375162032775474330e+00
-2.332389167021163168e+00
-2.093359167092319950e+00
-2.220601170458114559e+00
-2.092227155141704209e+00
-2.415254821515585348e+00
-2.402775274375153813e+00
-2.280895705018695097e+00
-3.428930445524347448e+00
-3.493086753397143696e+00
-3.678904607298623120e+00
-3.666846836900834461e+00
-2.594898757934009037e+00
-2.682733898932257777e+00
-2.679278934158743297e+00
-2.682088636406118276e+00
-2.659055065806804841e+00
-2.591075287599190258e+00
-2.437708177621249916e+00
-3.276128993380565735e+00
-3.434750547761160178e+00
-3.440603553373623669e+00
-3.440495966630809477e+00
-4.761900181132952881e+00
-4.761577067285922560e+00
-4.558248406398202057e+00
-4.579897282979971784e+00
-4.586196301414763532e+00
-4.832385435225401871e+00
-4.934781801961961811e+00
-4.566802765219675209e+00
-4.765684090479272328e+00
-4.536014650795234360e+00
-4.725125950955562537e+00
-4.724436847173946852e+00
-4.760540601166647789e+00
-4.764385035841319116e+00
-4.608056585140257511e+00
-4.830248555739401262e+00
-4.775319036428549602e+00
-5.322335592069492805e+00
-4.926166196977157519e+00
-4.509052788730572026e+00
-4.935789959585951792e+00
-4.919687136944475014e+00
-4.001228532732165277e+00
-3.589855151771986996e+00
-3.841477141229125092e+00
-3.586146203112007047e+00
-3.878309964761096573e+00
-3.839330855045703483e+00
-4.044003573870537771e+00
-4.047576521697964225e+00
-3.876342843995288945e+00
-3.532572861265117936e+00
-3.842069698996651184e+00
-3.991533006499684788e+00
-3.990166443781349770e+00
-3.869891148044893647e+00
-3.978030942467484010e+00
-3.984808264636897412e+00
-3.863383322928316765e+00
-3.864315969422079444e+00
-3.991767158584806463e+00
-3.503442921312552638e+00
-3.886664022655746731e+00
-3.993158861118963898e+00
-3.874283022763322037e+00
-3.514505010263368590e+00
-4.526318218868454757e+00
-4.055281824883837594e+00
-3.875996391739774616e+00
-3.876414913505652038e+00
-3.992713859305143664e+00
-4.277983364126676236e+00
-4.042828743816015091e+00
-3.514027950604333927e+00
-4.312216459055232320e+00
-4.258535128607753961e+00
-4.000751402135811929e+00
-4.279986017845183177e+00
-3.890347924594862672e+00
-3.979534892325595763e+00
-4.254667124224675412e+00
-3.868674472831834077e+00
-3.978947860515586576e+00
-4.257602477105288941e+00
-3.983133987431560996e+00
-2.715128967116020142e+00
-3.508623571146482156e+00
-4.280544152180427275e+00
-4.001438544516245699e+00
-4.051820761125813242e+00
-4.014633173881227535e+00
-4.059547717918658094e+00
-5.677874187469545753e+00
-5.690494077505820592e+00
-5.690401565044531651e+00
-5.678283193331352230e+00
-5.806179202915089377e+00
-5.782126834704905960e+00
-5.674254712383501875e+00
-5.765406310188585515e+00
-5.734486452607855611e+00
-5.679131680473639143e+00
-5.675744206495608069e+00
-5.673623895670749206e+00
-5.731721995628048738e+00
-5.675978094112645422e+00
-5.765018942773489918e+00
-5.687536373124592259e+00
-5.689292976384904499e+00
-5.929323239800286416e+00
-5.689354113965867654e+00
-5.741459284370670879e+00
-5.792750659016335568e+00
-5.791781221086051978e+00
-5.808884004983637439e+00
-5.895882531363726642e+00
-5.776622446580592651e+00
-5.690304097729308452e+00
-5.812687931381503859e+00
-5.808086594716267648e+00
-5.780696068533246468e+00
-5.779873193265828490e+00
-5.782218679580461540e+00
-5.769686434955754173e+00
-5.778318752251688117e+00
-5.675531716051951392e+00
-5.679285223065461352e+00
-5.702266254100897491e+00
-5.794618821338823444e+00
-5.794022996869301778e+00
-5.739258241475027944e+00
-5.764596560751049203e+00
-5.785747192883071044e+00
-5.680373361688450196e+00
-5.838444799753440329e+00
-5.760150407414714735e+00
-5.842805656523357705e+00
-5.730329474038626358e+00
-5.897966152441528997e+00
-5.786500795638660044e+00
-5.937607013951446966e+00
-5.836516177864747412e+00
4.147432254503518934e+00
3.587548622267424214e+00
3.664197992823130967e+00
3.566182650039702473e+00
4.133168656595996637e+00
3.592630095480807917e+00
4.158892046592574054e+00
4.081872339111964898e+00
4.135944566214334372e+00
4.085047154823320703e+00
3.938160603944631966e+00
3.248281247576177755e+00
3.772953668359469326e+00
3.673222733472889523e+00
3.245734635787609790e+00
3.537875498880678649e+00
3.511981951894605380e+00
3.682709005496143995e+00
4.135303194472531807e+00
3.603682870585788400e+00
3.592033061426882057e+00
3.666506666824487226e+00
3.667430145863213475e+00
4.086032371246785644e+00
4.082314386538460127e+00
3.575977230788598860e+00
3.687284874409439972e+00
3.941034934214882490e+00
3.597111959937320691e+00
3.315199079740619226e+00
3.608195221390418261e+00
4.078998259385545389e+00
3.669344130929576231e+00
3.596047352657903318e+00
4.079264046181971359e+00
3.690401448798731110e+00
3.998274106520970150e+00
3.509415157591714518e+00
3.586197006113539310e+00
3.936568653260214212e+00
3.626281221584278569e+00
3.598183103159363405e+00
4.112919183773444232e+00
3.791195166463610100e+00
4.070509173207677023e+00
3.995429398231084228e+00
3.297944038459958094e+00
3.799773644850123588e+00
3.373478245862894909e+00
3.510943124664854587e+00
3.778520715771372718e+00
3.750149916856984955e+00
3.723468716790901301e+00
3.774960699756875204e+00
3.807719926214311545e+00
3.749525914801483228e+00
3.721902385450673645e+00
3.620007180939647906e+00
3.725941605606069462e+00
3.807433910268673838e+00
3.746306751973020877e+00
3.719724908211421432e+00
3.762939224025691143e+00
3.639954845295821695e+00
3.646188377850525963e+00
3.695448247754228976e+00
3.726569056527681223e+00
3.748313697810471634e+00
3.623462286578269964e+00
3.719724948962128241e+00
3.627542936216803238e+00
3.723346994621289152e+00
3.749241162554704854e+00
3.623723824482672828e+00
3.695308323096016867e+00
3.844265716240946151e+00
3.722678770733919951e+00
3.622697948334065554e+00
3.747619577307939931e+00
3.640450958022797945e+00
3.645963277149468329e+00
3.757358937133786991e+00
3.722285989110388993e+00
3.642900224861423286e+00
3.695817411095163596e+00
3.761542074810924507e+00
3.699869094327375318e+00
3.809586734288366916e+00
3.736795572141845323e+00
3.721300210544519427e+00
3.725964544216855412e+00
3.725995191750642643e+00
3.687627155458627737e+00
3.748230570505108883e+00
3.699486500126382804e+00
3.726401972018142938e+00
3.689965409288145981e+00
3.649320603867992840e+00
3.627627154803061860e+00
3.700205958343908197e+00
3.873514741969962927e+00
3.834553232901613207e+00
3.800427631318378907e+00
3.872835700248026924e+00
3.728125461890377856e+00
3.883338302784882679e+00
3.800116637777651185e+00
3.762648449255261873e+00
3.668716045398063841e+00
3.816690065006278054e+00
3.873627160731256680e+00
3.866362123463320088e+00
3.872835700248026924e+00
3.868150601309301884e+00
3.923369143174865847e+00
3.873848696883853471e+00
3.810010929759878984e+00
3.906849964864830049e+00
3.782724894938374050e+00
3.799260245770059718e+00
3.873469680847402508e+00
3.880459664333154812e+00
3.859455395672134692e+00
3.857489834934948902e+00
3.669458493123983978e+00
3.863879739329993512e+00
3.873135962030808344e+00
3.817324743615499116e+00
3.711836069254627724e+00
3.892013764898698547e+00
3.873506735962887859e+00
3.894905382701849383e+00
3.888694682311994555e+00
3.813256807714975771e+00
3.689743038794722985e+00
3.819085789292714139e+00
3.810877811828270012e+00
3.789685259537836082e+00
3.887158681771009761e+00
3.689904383257680109e+00
3.857851229691824813e+00
3.858258187137221462e+00
3.763758838066370238e+00
3.722836591937834783e+00
3.884340171649005136e+00
3.891647368154148801e+00
3.800674502834602286e+00
3.754107424744105082e+00
3.812299457764968480e+00
3.881785516116005752e+00
3.460316221514613488e+00
2.864666697878858415e+00
3.444170598042840759e+00
3.964720592822430056e+00
3.259364161670331939e+00
2.949097686850048028e+00
4.096874137170336105e+00
3.302564480018001625e+00
3.371834022482675053e+00
3.461540177788167583e+00
2.898596727593549360e+00
3.259255292105007307e+00
2.698740240841908111e+00
3.296884282516502118e+00
3.368048456992394080e+00
3.253970454553554603e+00
4.092938519175808310e+00
4.096334787034070501e+00
2.739929318262579017e+00
3.422394701805831829e+00
3.309267669213337371e+00
2.861753004461768057e+00
3.217249573939855445e+00
2.886562197049671319e+00
3.348140921350251986e+00
3.214144240386082707e+00
3.215399579873515101e+00
3.293209946873897565e+00
3.302154048852671941e+00
3.367648454753436660e+00
2.945711158703407939e+00
3.372571769117901574e+00
3.605827347922187620e+00
3.158114401261980397e+00
3.925400898534904925e+00
3.229089604155546134e+00
3.408983789761620642e+00
3.229605943758643960e+00
3.953355579858187419e+00
3.433726462829812753e+00
3.443134717356604924e+00
3.339708295952000583e+00
2.736025851800536479e+00
3.368787137284133593e+00
3.271587143345692006e+00
3.419288143374746625e+00
3.267764218876742177e+00
3.306887579941211186e+00
2.982657139486314612e+00
3.016583951411752729e+00
3.175973046111415510e+00
3.471082847251415249e+00
3.470833896486776649e+00
3.468176200563946932e+00
3.257188227452339380e+00
3.240052245546155785e+00
3.733066738076372904e+00
3.211682416133883944e+00
3.444601608839962470e+00
3.470443791502268116e+00
3.451395246976186382e+00
3.465887266075557083e+00
3.449888145079211821e+00
3.178245702802519279e+00
3.169475152241771898e+00
3.457303102402826678e+00
3.633186122222610503e+00
3.168746906256964646e+00
3.517190611013962798e+00
3.210804437452775328e+00
3.443368760227823788e+00
3.766742055287425561e+00
3.518873158045261906e+00
3.768550442240103937e+00
3.173674340969248941e+00
3.518323544765937338e+00
3.510334278946810382e+00
3.457340245902601250e+00
3.529658119812017159e+00
3.165418849960043080e+00
3.444628149612154910e+00
3.494782601130296928e+00
3.461006221604542521e+00
3.632530871877662104e+00
3.738360874260772793e+00
3.165068826985973249e+00
3.508893350307875192e+00
3.523205157008328481e+00
3.453506465517644397e+00
3.213003563820013841e+00
3.608235490018458780e+00
3.538495767875986520e+00
3.533333405669466298e+00
3.620855741309306541e+00
3.494275558440471219e+00
3.522876417419841477e+00
3.524335379266653856e+00
3.229476348467530844e+00
3.229311459903783987e+00
3.625745652991407386e+00
-4.663717668724224552e+00
-5.412636123260480048e+00
-4.645029403525890999e+00
-4.887932983492849104e+00
-5.500977944290331045e+00
-5.577689053739672609e+00
-4.924637339784753820e+00
-5.469430736748082111e+00
-5.496123946960657314e+00
-5.410679804511154600e+00
-5.770231263452386017e+00
-4.918556462453835820e+00
-5.671565978665240593e+00
-5.533336249489599012e+00
-5.640396921883549908e+00
-5.494493658085652932e+00
-5.469775819278316575e+00
-4.674497839809411914e+00
-4.908462236956262714e+00
-5.614640538386950652e+00
-5.484116181275716428e+00
-4.910994921155278803e+00
-4.894975719043626938e+00
-5.564869691593457901e+00
-5.673080223997661875e+00
-5.610886650463305259e+00
-5.618811998015001308e+00
-5.491467631392783488e+00
-5.539343370238886344e+00
-5.417253908495990977e+00
-5.788359327917434349e+00
-5.409688808474655275e+00
-5.770011377555403165e+00
-5.818425205865715100e+00
-5.812994581109582448e+00
-5.585199448631675168e+00
-5.522837068344252920e+00
-5.670228829890657352e+00
-5.015170906437538711e+00
-5.768860172660455810e+00
-5.751161924978681839e+00
-5.669244642932569356e+00
-5.763866946129727609e+00
-5.613010206702654159e+00
-5.967244538613010185e+00
-5.766208144877603914e+00
-5.956334546626167459e+00
-5.768660868050154988e+00
-5.664691689878500469e+00
-5.775591828786597048e+00
3.930517635795012232e+00
3.884614996217315763e+00
3.704328086230716188e+00
3.925388274146268230e+00
3.671445825514171091e+00
3.701255143768520384e+00
3.928193361372953163e+00
3.656127524464012346e+00
3.669711005431977036e+00
3.957074037027955349e+00
3.670249617657987962e+00
3.845949947588517936e+00
3.593890685016925879e+00
3.696480212690939737e+00
3.405394859613992686e+00
4.035943584872874190e+00
3.841909940238866561e+00
3.750209694301211982e+00
3.684593290128634457e+00
3.698892332223137736e+00
3.686778405552809446e+00
3.673593935339831695e+00
3.860610039578928010e+00
3.808846749546261456e+00
3.889072271855756213e+00
3.887199758720673692e+00
3.689949393953191326e+00
3.890446404265849978e+00
4.048608291111730040e+00
3.706834692445221791e+00
3.904709024580893306e+00
4.004205743632307524e+00
3.682871653261956979e+00
4.052579325650057740e+00
4.179055743029437053e+00
3.821898022273209961e+00
3.771559004779906132e+00
4.050588791185327331e+00
3.776844445230688407e+00
3.887857839406367866e+00
3.552267983256520267e+00
3.829705550215042997e+00
4.005829242762303011e+00
3.819380060177541836e+00
3.929390200620025198e+00
3.520569426561299231e+00
3.818560748814180172e+00
3.462958829460411003e+00
3.841011091843498981e+00
4.039269256763304838e+00
3.079613194315471425e+00
3.313331386033660841e+00
3.630393073272877302e+00
3.701457233109384681e+00
2.896326828447321144e+00
2.887003310496897956e+00
4.024623449835188715e+00
3.756969361935771801e+00
3.198388796007769486e+00
3.697166303423375489e+00
3.759116262933418717e+00
3.631641741353985431e+00
2.889426171511084274e+00
3.799854505383011727e+00
3.770863866520880237e+00
3.630191763444652331e+00
3.753830741707758989e+00
3.776334650590706943e+00
3.694267369064021089e+00
3.636122500742535735e+00
3.681060788590437838e+00
3.663667465080500563e+00
2.886951500469211229e+00
3.769083573009057275e+00
3.616704172625639480e+00
2.887401765260027897e+00
3.743890328270884638e+00
3.787039008282287789e+00
3.809072736003817461e+00
3.658932657168139535e+00
3.771994521191828653e+00
3.518334734299403799e+00
3.091486087702058683e+00
3.100716970286719665e+00
3.080849642117836851e+00
3.658121430545894448e+00
3.611878790037454934e+00
2.816305285644570056e+00
3.787166049435588100e+00
3.763216339094013208e+00
3.603691920283583094e+00
3.313590292457553765e+00
3.635361452987915243e+00
3.095276634641730418e+00
3.787046126635186916e+00
3.730788573087660431e+00
3.760514813600283723e+00
3.082610403945492017e+00
3.792774509677902195e+00
3.269571260204191532e+00
3.577772289939093575e+00
3.360039363540538560e+00
3.392441303984321976e+00
3.392944327600842414e+00
3.314846010591116610e+00
3.582586590464588383e+00
3.364725021634918711e+00
3.384290272406607514e+00
3.565416927890192156e+00
3.375357949307661087e+00
3.585116747340368448e+00
3.367483409641110370e+00
3.639514505160423852e+00
3.565342095451097038e+00
3.333780582616759247e+00
3.392111122996878336e+00
3.390662408972823449e+00
3.379094199465837889e+00
3.351919327400476156e+00
3.333319158278778005e+00
3.578427667512563914e+00
3.637690539699448777e+00
3.555816955754785624e+00
3.369790810513081603e+00
3.356339125081339247e+00
3.552267415682322849e+00
3.533575196318975209e+00
3.265890755951412316e+00
3.391244409282649031e+00
3.333357528964167926e+00
3.384976423952609892e+00
3.565141437587049822e+00
3.389863804721299445e+00
3.553032700517054110e+00
3.565754850147589750e+00
3.376401793026601261e+00
3.576100852550480269e+00
3.352895277749906811e+00
3.575989382976083597e+00
3.385555969261286435e+00
3.355745808216621384e+00
3.533715671179269435e+00
3.356041442416231035e+00
3.361356368916162296e+00
3.265876530579527426e+00
3.339133013833824215e+00
3.530527246188277068e+00
3.287330088661852834e+00
3.547121793417185032e+00
3.265309446280332928e+00
-6.466041062654854343e+00
-5.923628702581066108e+00
-5.902815584652929992e+00
-5.804143994544041618e+00
-5.927054032476790191e+00
-6.017258568164414179e+00
-6.138841746836594560e+00
-6.028980236337868170e+00
-5.904999745092596619e+00
-6.022301275683643595e+00
-6.192996293709764899e+00
-5.526248540664189690e+00
-5.930712708226634433e+00
-5.543769437647105391e+00
-5.932878198439294870e+00
-5.639382580476440587e+00
-6.088595119822408641e+00
-6.090907247218037668e+00
-6.347822939629945260e+00
-6.087296237713434977e+00
-6.123281988400030684e+00
-6.114506428522296311e+00
-6.184557642432184643e+00
-6.115704013051919574e+00
-6.338281850733871181e+00
-6.117093785170389708e+00
-6.037868241442834183e+00
-5.893537869541581209e+00
-6.194817827111338993e+00
-5.933902178583037923e+00
-5.632247145602984340e+00
-5.528952280414503484e+00
-5.926840643040916845e+00
-6.112492056177730504e+00
-6.183165841559203457e+00
-6.338901498307252247e+00
-6.468806868349826544e+00
-5.895024867159873949e+00
-6.227829073631467871e+00
-5.398695996434607736e+00
-5.719350119888067852e+00
-6.194855132008483700e+00
-5.903054798520379620e+00
-6.227918265937451459e+00
-5.553615458659237447e+00
-6.535699568367138390e+00
-6.225152383885048657e+00
-6.501137825241220192e+00
-5.542056490643163968e+00
-5.554650480684115266e+00
-3.131050565183202572e+00
-4.000889817742909749e+00
-4.926641029470099298e+00
-4.828347565264934360e+00
-4.862862820923020024e+00
-3.999158776124193793e+00
-3.847624638554333565e+00
-3.133549557191400936e+00
-4.851236003586438805e+00
-3.379747183240304764e+00
-3.842498220817654797e+00
-4.779013195344059106e+00
-5.058483080541423149e+00
-3.845166729989433207e+00
-5.084265975436518481e+00
-3.986581083101200740e+00
-3.681741454728772567e+00
-4.871519221360669505e+00
-4.785583488124584228e+00
-5.135995658235097849e+00
4.080076062481802879e+00
4.158259785251200213e+00
4.076552234267555086e+00
3.979274793262365328e+00
4.041737100012070982e+00
4.112735621413995624e+00
3.981832527703520697e+00
3.962373415979248747e+00
3.880192511719523729e+00
3.886091913764238903e+00
4.069517591255139344e+00
2.823286922932799037e+00
2.612756116590762900e+00
3.817739596979163874e+00
2.617649494332817905e+00
2.630465455495474725e+00
2.840547991567207387e+00
3.810778900760257937e+00
2.821231653135164219e+00
3.280929153895624228e+00
2.838144032554029916e+00
2.554465988200566695e+00
2.849638535787199167e+00
2.841763760537118433e+00
4.534947917927712346e+00
4.418985284863770957e+00
4.434480501165937838e+00
4.419748941191405933e+00
4.531947153503171677e+00
4.531053324431045581e+00
4.518837410393685694e+00
4.602462539975156197e+00
4.462998921969505872e+00
4.336595994505295870e+00
4.335963625059391369e+00
4.479327612278536819e+00
4.423689884446292631e+00
4.609368044621833249e+00
4.332571712958413812e+00
4.465779283084605922e+00
4.337216739036001023e+00
4.338190913006657823e+00
4.266018134096117187e+00
4.532054049902713544e+00
4.532881486929072778e+00
4.401439689186372739e+00
4.510604649897870466e+00
4.420722973989384741e+00
4.479404940054660500e+00
4.588725211677656901e+00
4.462467287879130495e+00
4.590605131846528408e+00
4.423219403072086386e+00
4.509821219669699843e+00
4.533102758481729389e+00
4.530226180824937998e+00
4.508670213013077799e+00
4.503145676230448480e+00
4.607188650095334737e+00
4.479583307644002588e+00
4.513037512562291909e+00
4.406772870912540441e+00
4.479041541187802622e+00
4.508935165054970717e+00
4.332561378098263027e+00
4.435565374131254401e+00
4.314210829959380433e+00
4.336048713689070411e+00
4.514544450997026281e+00
4.602409096665473598e+00
4.509698479755557265e+00
4.463470520310414358e+00
4.336689808301668059e+00
4.403948057945824779e+00
4.313862674040342959e+00
4.322845204640795025e+00
4.558550477229649012e+00
4.282790475703606603e+00
4.175878079764879125e+00
4.320274436156829267e+00
4.319636339445963813e+00
4.243580931097901576e+00
4.548779710182012437e+00
4.298529300548843857e+00
4.326393996608108417e+00
4.326044928611861629e+00
4.321525531074965620e+00
4.296225931790387698e+00
4.548328393485083332e+00
4.297857419514754085e+00
4.298446457137932164e+00
4.272076304116329659e+00
4.297530508003831073e+00
4.298361707491912931e+00
4.326228205430215468e+00
4.324945221839400666e+00
4.312685585795610343e+00
4.298280727051928984e+00
4.272369825752179828e+00
4.287697800669569403e+00
4.264830253609240174e+00
4.244737764969330307e+00
4.557288686691915558e+00
4.310818649445089079e+00
4.310225632350594971e+00
4.265949642905463968e+00
4.312245692874896896e+00
4.243491245778507448e+00
4.265929377310173187e+00
4.552421595691357403e+00
4.298466828864431655e+00
4.252940400437800861e+00
4.219530196702447888e+00
4.552468516214580596e+00
4.253260207561394779e+00
4.298324696857863891e+00
4.559006659252800908e+00
4.265270095982114817e+00
4.310157185788072276e+00
4.290947256561005396e+00
4.264481533574994820e+00
4.247099927013190168e+00
4.266596718556633583e+00
4.285395134072312651e+00
1.778033681205844374e+00
4.393627146753976698e-01
1.262102437030531377e+00
6.983765348072247248e-01
1.477797920015630151e+00
1.662045191085548712e+00
1.573318630151770758e+00
1.898054614161716724e+00
1.012386711057331912e+00
1.251118533384677711e+00
1.361299463776263430e+00
1.650003395147651375e+00
6.599733318563180129e-01
1.376523855358636972e+00
6.549134793154923750e-01
1.358471732000646970e+00
4.404662988583277761e-01
1.165031032355150042e+00
1.491175270183651147e+00
1.772183936768156887e+00
1.152060144774222028e+00
1.344878850307116736e+00
1.370569866269391479e+00
1.169089824854270709e+00
1.339398766040788669e+00
1.775709707593240427e+00
1.296515405529611531e+00
1.644229667360421754e+00
1.355482944411453783e+00
1.549646635665347993e+00
1.781461660032711780e+00
1.553519987263615398e+00
1.357197878033135741e+00
1.560244741980642225e+00
1.398217782458055947e+00
1.548380683586441542e+00
1.562686958559080797e+00
1.336286902448537095e+00
1.355278979141644857e+00
1.462009422368899081e+00
1.562214647478035623e+00
1.461009428655323461e+00
6.345217009355900162e-01
1.684240478485627523e+00
1.463401349602379220e+00
1.684648395512368335e+00
4.867886811223768317e-01
1.455833959424237101e+00
1.000046517673832902e+00
1.462151116143641794e+00
-4.790089501920511417e+00
-4.618557694700210270e+00
-4.758246960001871528e+00
-4.723440504163095355e+00
-4.618793381275023258e+00
-4.729475922636813046e+00
-4.892042997564027829e+00
-4.725938024018920380e+00
-4.745375453245796571e+00
-4.727586768650462901e+00
-4.788819542665244455e+00
-4.877829262039503178e+00
-4.687125624895750242e+00
-4.917173071782074523e+00
-4.789119782746920073e+00
-4.742033778875772043e+00
-4.646471128173097931e+00
-4.618570067569301330e+00
-4.726351395747951045e+00
-4.723057592724208220e+00
-4.790604334421249888e+00
-4.924639670939350289e+00
-4.914101093188653735e+00
-4.667780157570964761e+00
-4.742500019800944600e+00
-4.912437451912307296e+00
-4.917332418051989507e+00
-4.925449140661096514e+00
-4.725962835638521931e+00
-4.722079775843783800e+00
-4.917259226840029029e+00
-4.923714368583850032e+00
-4.709351207306559317e+00
-4.671476665918674165e+00
-4.619438455267022015e+00
-4.725194082121211281e+00
-4.717624712667435105e+00
-4.895393805028739109e+00
-4.718971250466047707e+00
-4.929539609686439228e+00
-4.928867892224790381e+00
-4.714298427926634005e+00
-4.647744983389074491e+00
-4.722032961769528470e+00
-4.766468172063028419e+00
-4.647977229204818705e+00
-4.867087285027747789e+00
-4.908231435412768739e+00
-4.717645423935828752e+00
-4.670156312679138999e+00
-5.411343067738365598e-01
-7.615023717643083501e-01
-8.027548879956865058e-01
-1.676519124706573050e-01
1.761357980634811193e-01
-7.320303456262131636e-01
-3.201092234162007943e-01
5.006900231857316363e-01
2.411887091219360735e-01
-5.915666017829388501e-01
1.387202831822626770e-01
-4.797919938600722634e-01
4.789126391078720735e-01
-3.210547397525475577e-01
4.479115774886022194e-03
-6.513201478621379881e-01
2.902704404861299881e-01
-5.621700445486670361e-01
6.286450359965064516e-01
1.375984702647163049e-01
1.876426661886040348e-01
-5.512189765610893133e-01
6.369661790149927505e-01
-1.802170637104971718e-03
9.013179226442535885e-02
2.183944037271615957e-01
1.870826417020237664e-01
1.368486783939553697e-01
2.259287398568716465e-01
4.770081238385661671e-01
1.869859131891004611e-01
1.883572044547705271e-01
6.307713909368281024e-01
2.312314505538093368e-03
1.645885423464790165e-01
-5.899379922373071405e-01
1.265598116175297716e-01
1.883109245108550434e-01
5.120638408499844640e-01
-6.617464929236605009e-01
4.966663404499194190e-03
2.489641017541428247e-01
3.646802655573460616e-01
-3.560276155119868058e-02
3.893920861724822213e-01
-8.830137268944702189e-01
-7.355256064251392001e-01
-2.113079491559234913e-01
-3.244939267684387452e-01
2.878760357748119114e-01
-3.049218461999961605e+00
-3.683034702683754880e+00
-2.340902274201415167e+00
-3.516274995554661054e+00
-2.732664998690755631e+00
-2.929904931538854562e+00
-2.960813457219873435e+00
-2.502737921167751622e+00
-2.349397681822002149e+00
-3.502310974674772481e+00
-2.960839438916331723e+00
-3.181529436792112975e+00
-2.494935565064348992e+00
-2.575010874627144730e+00
-3.530131268244170784e+00
-3.184489246685734187e+00
-2.849882697478164140e+00
-2.602427093210406106e+00
-2.835230998290159121e+00
-2.947792209124436624e+00
-2.919031440566278945e+00
-3.829786308313287257e+00
-2.606179146225241272e+00
-2.910873921120583852e+00
-2.845021496391670901e+00
-3.722478191573335593e+00
-3.164029474335867675e+00
-2.491280894695680370e+00
-2.630471872959690316e+00
-2.910918960659345522e+00
-2.415681353276456278e+00
-2.747746091940545199e+00
-3.825127178884557999e+00
-3.868613581059465290e+00
-2.928041266514460617e+00
-3.827077876599133788e+00
-2.630484487688171669e+00
-2.864776290890235444e+00
-2.932058413986496248e+00
-3.862116593066597048e+00
-2.898233541329263474e+00
-2.869413006485135753e+00
-3.735491338647913828e+00
-3.879560398608662197e+00
-2.625035761980600402e+00
-2.895420405843794676e+00
-2.895528665091968712e+00
-2.585579891395747509e+00
-3.868692935335251271e+00
-2.894407603593004197e+00
1.709929627908921113e+00
2.744671893093332926e+00
2.046912514676989314e+00
2.006372129249459402e+00
1.787587702831130443e+00
1.790223198873098998e+00
2.026839019298987576e+00
2.011878336971784531e+00
1.966737756718419661e+00
1.781010026968803839e+00
2.742269896059057466e+00
1.969989485578020449e+00
1.983765781610770773e+00
1.789319196799450840e+00
2.061873228858881912e+00
2.083112202255953171e+00
1.979150108034948730e+00
2.758957611498592755e+00
2.004947014476630596e+00
2.711723980144338242e+00
2.811623180271138445e+00
1.960394334005999717e+00
1.824149064775612672e+00
2.817856760743668865e+00
2.802318563421889230e+00
1.827424839003251478e+00
2.276120403274562332e+00
1.976514614920437563e+00
1.977225500645635403e+00
1.829169058122493308e+00
1.786585024590313875e+00
2.814142919391615649e+00
2.018971872901464071e+00
1.806989860833267070e+00
1.565794173205655504e+00
1.806134468472258447e+00
2.028310823232087667e+00
1.792310521327455053e+00
1.989004169300216951e+00
2.264477942672310284e+00
1.813737672396527500e+00
2.084677084011287818e+00
-4.687446963879263961e+00
-4.355538697568849926e+00
-4.685735004029175421e+00
-4.253456496740675163e+00
-4.129636749606520496e+00
-4.388666250970782556e+00
-3.623618800307115695e+00
-5.560983668237097888e+00
-4.122431173904562485e+00
-4.783509212283370893e+00
-4.393111941738377269e+00
-4.785720749323257195e+00
-5.554662021271953520e+00
-4.030952261444722851e+00
-3.966735598062946178e+00
-4.384587832872266944e+00
-4.707382974948748355e+00
-3.925835506377690187e+00
-4.446358957151621993e+00
-4.365070693595452411e+00
-3.822376335321140850e+00
-4.693951955751271221e+00
-4.271145375593921045e+00
-4.271628891486127344e+00
-5.556045184482778510e+00
-3.944389534428676569e+00
-4.346672247242311826e+00
-4.380535089555690931e+00
-4.028901000254349718e+00
-3.978115487947492923e+00
-3.941748506865244472e+00
-4.714291341379086120e+00
-4.715640250314308446e+00
-3.934209723468190756e+00
-4.030896137600472606e+00
-4.043853052510227641e+00
-5.345912389770341555e+00
-4.130844804724144836e+00
-3.933580726339164890e+00
-4.378909954986374586e+00
-5.331994770704671538e+00
-3.936985265611820495e+00
-4.278473737767896523e+00
-3.944335405784721527e+00
-3.943146632958134834e+00
-5.557787213388147407e+00
-5.329353756308103485e+00
-4.693750489938256720e+00
-3.925385491396154336e+00
-5.315915170929345734e+00
-7.487450932550302696e+00
-8.083171199757062553e+00
-7.653007157925928894e+00
-8.078455486335638369e+00
-7.953953981707444498e+00
-8.248375488587601723e+00
-7.958371632310733190e+00
-7.837500559602004202e+00
-7.962184833443080478e+00
-7.579602853765214476e+00
-7.716574831032017912e+00
-8.206702935586806191e+00
-7.502012633082935977e+00
-8.249947096592626039e+00
-7.896501060720147791e+00
-7.738632539025907420e+00
-7.835179371791173963e+00
-7.717154036671898254e+00
-7.754043623248991324e+00
-7.758494694769041189e+00
-7.577411684720757989e+00
-8.016916913918741727e+00
-7.739239156086581417e+00
-8.188648963089224964e+00
-8.159447034420495015e+00
-7.894363186743030170e+00
-7.648419012805938166e+00
-8.192231747381807594e+00
-7.757874153257368732e+00
-7.622421647869652261e+00
-7.717842629275935451e+00
-7.652885513013954366e+00
-7.756540480469505283e+00
-8.212475877245621447e+00
-7.755801502495263122e+00
-7.623823968080984059e+00
-8.256182063738428667e+00
-7.578325112394688645e+00
-7.651412944438748198e+00
-8.207021604003037041e+00
-8.016191288738410137e+00
-7.624247632114277806e+00
-7.567274603509865472e+00
-8.207672246471840793e+00
-7.756846237903806340e+00
-8.092114560796199285e+00
-8.115192163249991708e+00
-8.209048526402748180e+00
-7.750805123917809070e+00
-7.750689473182495348e+00
