6.085707275403458988e-02
8.435016456388610973e-01
1.369760141073818716e+00
1.092789617944567748e+00
9.614922764080495732e-01
1.868122503125624778e+00
1.580546235943316447e+00
1.315888419263185893e+00
6.239821312080932048e-01
-1.376645072380777712e-03
-2.824729561901175856e-01
-9.756802535609320204e-01
-7.133206435795296230e-01
-1.178451400255538406e+00
-9.787184100166871348e-01
-7.569370430212665202e-01
-1.346274652591599175e+00
-1.614289270304901436e+00
-9.534306693367557983e-01
-1.038299855219301016e+00
-1.482879662918991315e+00
-1.527971005361278500e+00
-1.071378365173543346e+00
-6.341012734313355992e-01
-1.016584818274302915e+00
-4.499963292677795490e-01
-6.200181018800675625e-01
-5.653361320422761738e-01
2.864978383196296052e-01
2.680348461921349679e-01
-7.319554219831132524e-01
-1.626610190509144793e+00
-2.230669815767007513e+00
-3.082843339469774069e+00
-3.282223812862251400e+00
