9.981462066960918866e-01
1.620614598591336275e+00
2.470938694662268897e+00
1.510061775985598320e+00
5.187193266390307533e-01
9.406237180165448741e-01
-1.713140044855632205e-02
-9.814722093751252485e-01
-1.703455461765918777e+00
-2.483789815948462820e+00
-3.443467856931543558e+00
-4.164199255257988064e+00
-5.129169310661815473e+00
-6.014411279935962362e+00
-5.034561640746665567e+00
-6.009657920190107916e+00
-6.817544779847960257e+00
-7.780959623799489577e+00
-8.531469269119163812e+00
-7.535077763507009863e+00
-8.430816090947013564e+00
-9.429796406659200159e+00
-1.031947206205875389e+01
-9.420146323478606476e+00
-8.496186812445067460e+00
-7.672186884296485765e+00
-6.686747393959083574e+00
-5.688249966230310761e+00
-5.164447206029795012e+00
-4.164617716342595699e+00
-4.162352774537119160e+00
-4.609102503205461332e+00
-5.406024438918864305e+00
-4.882766001869474515e+00
-3.902846500178959843e+00
